23

30 240 0 540 1 1 false 0 0 0
170 30 210 550 2 1 false 0 0 0
150 210 0 570 3 1 false 0 0 0

30 180 150 190 1 1 true 100 50 1
160 30 150 200 2 2 true 100 50 1
150 30 180 210 3 1 true 100 50 1
30 120 210 210 3 1 true 100 50 1
30 60 150 360 0 3 true 100 50 1
30 120 210 240 0 3 true 100 50 1

30 120 510 180 1 1 false 0 0 0
170 30 510 190 2 2 false 0 0 0
150 90 540 210 3 1 false 0 0 0
360 180 590 360 3 1 false 0 0 0
360 30 560 360 2 2 false 0 0 0
30 140 630 330 0 1 false 0 0 0
30 120 770 220 1 1 false 0 0 0
200 30 860 230 2 1 false 0 0 0
180 90 770 250 3 1 false 0 0 0

30 120 1160 120 1 1 false 0 0 0
50 30 1160 130 2 2 false 0 0 0
30 90 1190 150 3 1 false 0 0 0

30 180 940 130 0 1 true 0 150 2
30 180 940 160 3 1 true 0 150 2


12

30 120 0 120 1 1 false 0 0 0
50 30 90 130 2 1 false 0 0 0
30 90 0 150 3 1 false 0 0 0

30 180 280 150 1 1 false 0 0 0
140 30 280 160 2 2 false 0 0 0
120 150 310 180 3 1 false 0 0 0
30 210 460 270 3 1 false 0 0 0
30 210 460 240 0 1 false 0 0 0
30 60 670 270 1 1 false 0 0 0

30 480 440 630 0 1 false 0 0 0
30 360 920 630 1 1 false 0 0 0
60 840 440 660 3 1 false 0 0 0

8

30 200 0 630 1 1 false 0 0 0
60 200 0 660 3 1 false 0 0 0

30 930 200 690 0 1 false 0 0 0

30 60 400 450 1 1 true 100 100 2

30 90 600 300 1 1 true 200 200 3

30 150 1130 140 1 1 false 0 0 0
570 30 1130 150 2 2 false 0 0 0
570 140 1160 170 3 1 false 0 0 0

23

30 60 0 140 1 1 false 0 0 0
450 30 30 150 2 1 false 0 0 0
550 30 0 170 3 1 false 0 0 0
220 30 30 600 3 1 false 0 0 0

120 60 60 600 3 1 false 0 0 0
30 60 60 570 0 1 false 0 0 0

60 120 120 660 3 1 false 0 0 0
30 120 120 630 0 1 false 0 0 0

120 180 240 600 3 1 false 0 0 0
30 180 240 570 0 1 false 0 0 0

380 30 180 0 2 2 false 0 0 0
320 30 210 0 3 1 false 0 0 0
100 30 210 320 2 1 false 0 0 0
230 30 240 0 3 1 false 0 0 0
90 30 210 230 2 1 false 0 0 0
90 30 270 0 3 1 false 0 0 0
140 30 240 90 2 1 false 0 0 0

30 240 390 240 1 1 false 0 0 0
300 30 390 250 2 2 false 0 0 0
420 30 390 540 3 1 false 0 0 0
60 210 420 270 3 1 false 0 0 0

30 200 800 350 1 1 true 0 200 2
30 200 800 380 3 1 true 0 200 2 